336.384571 235.073206 1.765038 9 1 0 335 342 339 331 227 228 244 242
320.462269 239.713877 -1.274251 11 1 1 320 327 321 315 230 232 251 247
297.258915 307.083619 -1.427058 9 1 0 295 303 300 292 297 299 318 316
311.580985 268.117984 1.811783 2 1 1 303 314 320 311 282 284 255 252
253.412575 299.082462 1.481603 5 1 0 247 258 261 249 284 284 315 314
15.532210 204.455289 0.327098 4 1 0 10 25 21 8 198 202 212 207
51.057346 289.796419 -2.278228 4 1 0 50 66 51 38 278 294 303 285
32.974731 340.683777 1.180878 4 1 1 38 44 30 21 330 347 353 334
52.577566 429.598050 -1.858078 23 1 1 49 54 57 52 425 423 435 436
53.377682 459.922434 1.511343 10 1 1 48 58 61 47 450 450 471 470
68.142230 331.653001 1.169568 10 1 0 70 73 67 63 326 335 337 330
134.669102 399.743217 0.024385 2 1 1 120 150 150 119 394 396 405 405
314.916765 447.040571 2.789879 2 1 1 300 303 332 326 449 456 446 438
398.060434 358.031455 2.070792 2 1 0 387 395 411 401 370 374 349 341
382.938248 358.431513 1.669377 1 1 1 379 385 388 380 369 371 348 346
453.121450 258.698310 1.765955 11 1 0 447 456 460 451 269 271 250 247
500.408288 168.603018 -0.688924 9 1 0 506 512 495 490 158 165 179 173
491.046935 190.606200 1.192251 23 1 0 492 500 492 482 180 201 203 180
200.690295 294.146525 0.251690 23 1 1 190 215 213 186 287 293 302 295
