413.817260 37.933658 -2.288939 2 1 0 407 430 420 398 21 47 55 29
462.909732 78.267848 -1.559808 11 1 0 459 467 468 458 67 67 90 90
367.836283 123.326900 1.617275 4 1 0 363 374 374 361 113 113 134 135
382.817554 157.668582 1.650175 11 1 0 380 388 388 377 147 146 169 169
343.981491 110.880921 -1.487655 23 1 0 340 350 347 340 102 103 121 120
271.944780 100.921284 0.044914 5 1 0 260 283 283 262 96 95 108 106
245.554696 99.768879 0.000000 1 1 0 237 254 254 238 97 97 103 103
421.786174 232.109199 -1.583954 1 1 0 419 425 425 419 223 223 242 242
421.440452 255.157308 -1.585501 1 1 0 418 425 425 418 247 247 265 263
202.614799 227.393834 -1.509019 11 1 0 198 209 208 196 215 216 241 238
230.572680 454.284007 -1.747031 11 1 0 224 234 237 228 445 445 464 463
216.167612 469.495759 -1.512468 5 1 0 212 223 223 208 453 452 488 486
