84.281536 58.620376 2.275724 11 1 1 73 82 95 88 64 70 53 48
116.823486 57.408211 0.493941 1 1 1 111 127 123 107 50 59 65 56
136.684333 74.005539 0.580398 1 1 0 131 146 143 128 67 77 81 72
202.047964 71.581209 0.972377 1 1 0 201 211 204 192 61 78 82 66
238.259027 123.113422 2.658624 11 1 0 247 251 230 227 114 122 132 125
212.244114 141.762104 -0.128083 5 1 1 228 230 198 194 134 146 149 139
241.429303 137.472907 -0.077514 11 1 1 230 255 255 228 135 133 141 142
259.052307 130.106678 0.528074 1 1 0 252 269 265 252 123 133 136 129
364.468678 227.950524 -0.804264 5 1 0 373 382 356 348 211 218 246 237
291.645573 286.227656 1.611315 1 1 0 289 296 297 286 277 277 296 296
300.596941 298.349299 -1.532840 1 1 0 298 305 305 296 289 289 309 308
332.113213 346.556143 2.788960 11 1 0 317 342 347 324 349 339 346 353
362.603810 333.408822 -0.426627 5 1 0 345 376 380 350 336 324 330 345
458.129142 447.539072 -1.033210 5 1 0 462 470 455 447 432 437 465 456
158.010206 356.657263 -0.143083 5 1 1 142 172 174 145 354 350 359 364
122.950683 355.818073 1.100613 11 1 0 114 125 131 123 350 347 362 365
139.454767 359.361323 -0.014084 1 1 1 130 147 150 131 356 355 364 363
500.423810 403.676552 -0.428778 5 0 1 480 487 522 515 407 417 402 390
145.652100 431.407450 -1.570800 1 1 1 139 150 153 140 421 421 441 443
