15.382934 51.045404 -0.022984 1 1 0 5 27 26 5 47 47 55 56
18.377994 273.485467 -0.221130 5 1 0 1 33 36 4 273 266 274 282
59.047756 272.224389 0.044415 5 1 0 37 82 82 36 267 268 279 276
49.826124 258.431350 -3.097178 11 1 0 37 63 63 38 255 254 265 261
458.181286 429.097678 -1.581666 11 1 0 454 463 463 454 417 418 441 441
504.052994 67.796483 -2.836234 11 0 1 494 518 513 492 61 68 75 68
465.826571 64.170884 0.036748 5 1 0 483 483 449 449 60 70 69 59
318.516913 164.505392 1.546411 5 1 0 311 326 326 313 144 145 186 185
334.280387 103.658384 -1.640994 23 1 1 328 339 342 330 88 88 120 120
339.482333 43.126647 1.548328 11 1 0 335 344 344 336 32 32 55 54
