49.011584 261.933264 1.531981 5 1 0 42 56 57 43 250 249 275 275
60.620813 227.784037 3.106723 1 1 0 50 71 72 50 224 223 233 233
92.433118 265.627110 1.376111 1 1 0 87 95 98 91 258 256 274 275
103.665425 265.777879 -1.531855 1 1 0 100 109 107 100 256 256 276 275
125.225422 266.079417 -1.581106 11 1 0 120 130 130 121 255 254 279 278
165.744831 195.850173 -0.879140 1 1 0 169 177 164 155 186 190 206 202
222.433184 353.362463 0.043832 5 1 0 209 237 237 208 348 348 360 358
226.202414 368.740924 0.024995 5 1 0 217 236 237 216 363 364 375 374
136.034835 366.388660 0.000000 11 1 0 124 147 148 126 363 363 371 371
141.783200 381.064410 -0.081452 11 1 0 129 154 154 130 378 376 385 387
