147.660687 110.075642 -1.472108 23 1 1 142 152 154 145 123 123 98 97
393.381037 175.780724 -0.938047 23 1 0 379 386 410 400 188 194 164 158
402.696726 274.628014 0.560121 1 1 0 397 412 409 394 268 277 282 273
91.397323 239.411538 1.764008 11 1 0 86 93 98 90 250 253 228 228
120.296385 438.148228 -2.631621 1 1 0 115 130 126 111 431 440 445 438
97.816073 453.513559 -2.610415 11 1 0 91 110 106 85 444 455 464 451
79.423089 508.011288 -2.532904 11 0 1 74 90 86 69 500 511 517 505
117.495808 511.493087 -0.855053 1 0 1 120 125 115 110 504 508 519 516
276.391588 408.466992 -2.473760 23 1 1 283 288 271 265 420 411 398 405
484.849753 508.445109 0.542750 1 0 1 479 495 491 475 501 511 516 507
