135.735140 82.650892 1.590928 2 1 0 130 142 142 129 64 64 101 102
150.240242 80.668829 1.590149 2 1 0 146 156 157 143 62 61 101 100
276.884796 149.010877 -3.096678 1 1 0 266 289 288 266 144 145 154 153
311.300628 216.671321 2.008588 11 1 0 313 321 310 302 203 207 231 227
281.791545 302.369953 1.549966 11 1 0 277 286 288 277 291 291 315 314
279.178825 382.373247 1.627553 11 1 0 276 284 284 273 371 372 393 394
343.685986 319.487775 3.119857 11 1 0 332 356 355 333 316 316 323 324
347.379831 377.778463 2.944197 11 1 1 334 359 360 337 377 372 380 384
345.876641 402.687843 0.026660 1 1 1 337 356 355 337 400 400 406 406
61.524824 435.850458 1.602036 9 1 0 57 68 67 56 424 424 448 448
75.542394 435.850458 -1.611178 11 1 0 71 79 81 72 424 424 449 448
17.294091 180.057871 0.048349 10 1 0 3 33 33 1 173 175 187 186
