220.345107 404.040922 -3.136188 31 1 0 197 243 245 198 389 389 420 419
379.628866 446.212989 1.474937 10 1 0 376 382 384 377 440 440 454 451
367.510099 446.623794 -1.570796 1 1 0 364 371 373 363 436 436 458 458
349.023843 449.088629 1.559303 1 1 0 345 353 354 345 438 439 461 460
258.574609 149.496920 1.094531 2 1 0 272 262 245 256 164 167 137 131
292.671478 160.691375 1.252709 11 1 0 291 301 295 284 172 170 151 151
313.930672 160.177868 1.200374 2 1 0 315 323 315 303 174 173 145 150
355.011238 158.534645 0.027771 1 1 0 346 363 365 347 155 155 163 162
358.503087 135.016020 -3.116282 1 1 0 349 369 369 349 132 131 140 138
496.331280 236.577304 1.667270 11 1 0 492 499 502 493 248 249 225 226
488.423271 169.102474 -3.090356 1 1 0 478 480 499 498 165 173 174 166
432.450999 147.945981 -3.141592 1 1 0 425 443 441 423 145 145 152 151
432.245596 113.335604 3.106723 1 1 0 423 442 445 420 111 109 117 117
501.979858 81.692223 -2.383711 1 1 0 498 512 507 493 72 87 90 79
513.482417 76.146347 0.897825 11 0 1 510 525 516 503 66 83 87 70
219.757560 271.858824 3.136099 31 1 0 197 243 243 197 257 257 287 287
