126.710438 64.334885 -2.346486 1 1 0 124 136 130 117 56 68 74 60
105.087926 88.209741 -2.226492 1 1 0 104 114 106 96 80 93 97 84
118.744882 173.684016 2.530867 11 1 0 109 112 130 126 178 182 170 165
176.857727 180.170092 0.754480 1 1 0 173 185 181 168 172 184 188 177
350.678646 32.773862 0.648996 1 1 0 345 360 356 342 25 36 41 30
356.895119 96.199897 2.191046 11 1 0 361 366 356 346 87 89 107 103
344.800853 323.842128 -2.287338 1 1 0 341 354 349 335 314 330 334 318
400.659009 328.887380 2.224879 1 1 0 404 409 399 392 320 323 339 334
362.819613 359.519272 2.714965 11 1 0 371 374 355 352 352 358 367 361
275.362518 290.408855 1.321022 5 1 0 267 278 284 274 279 278 303 303
281.759177 336.626974 1.509896 11 1 0 278 285 289 276 327 326 348 347
259.866384 336.536880 1.256564 9 1 0 253 261 267 259 328 325 345 348
141.482324 286.014764 -1.371637 5 1 0 139 150 142 136 272 273 301 298
126.616847 335.926729 -1.368771 11 1 0 125 133 129 121 326 326 347 346
98.049145 447.202276 1.608279 11 1 0 95 102 102 94 437 438 457 458
