183.829976 220.477664 2.329174 2 1 0 195 204 172 165 201 207 240 234
175.539823 274.782829 2.341703 9 1 0 181 187 170 165 263 269 287 281
147.502336 280.464845 2.356195 1 1 0 153 159 143 136 270 275 292 286
248.567695 199.426262 2.348065 11 1 0 254 259 245 238 189 195 211 204
78.607150 350.065421 2.366096 1 1 0 83 88 75 70 342 346 359 354
185.261377 372.886631 -0.813846 2 1 0 210 221 160 151 338 345 409 401
278.719973 302.272492 -0.830144 2 1 0 299 307 260 250 273 279 333 325
295.020837 248.153622 -0.832981 1 1 0 298 305 291 287 239 244 257 253
316.300566 128.710273 2.262134 1 1 0 320 325 313 308 120 124 139 133
69.839167 473.111804 -0.829617 1 1 0 74 80 65 61 463 469 483 478
