162.383374 262.688552 0.175940 1 1 0 152 175 173 151 258 261 269 264
150.498402 279.890485 -0.473851 11 1 0 158 163 143 139 272 278 288 282
62.533973 338.533437 -0.161092 11 1 0 51 72 73 54 337 334 341 344
64.254166 349.714694 -0.314994 1 1 0 52 74 77 55 350 343 350 357
160.426086 412.791553 -1.521656 1 1 0 158 164 163 157 405 406 421 420
132.902994 414.355365 1.481482 1 1 0 129 136 137 131 406 406 423 423
84.737582 408.100116 1.128422 1 1 0 78 85 91 86 403 400 414 417
86.926919 465.804781 -1.342939 1 1 0 86 93 89 82 456 459 476 473
78.716905 504.352749 1.758436 11 0 1 77 85 81 73 494 496 516 513
241.536063 413.027115 -0.571337 10 1 0 246 251 238 232 406 411 421 415
214.633242 306.174534 1.728025 1 1 0 212 221 217 209 296 297 318 316
