179.124124 64.585522 0.197396 2 1 0 165 196 196 160 56 62 74 67
128.903990 53.434537 0.229904 5 1 0 147 146 111 112 53 63 55 44
84.951199 83.957308 -1.327830 5 1 0 83 95 88 75 67 72 100 98
99.469357 176.422747 2.246807 2 1 0 85 95 115 104 185 192 167 162
42.412122 179.271539 -2.464678 1 1 0 53 47 33 38 182 188 176 172
304.353862 364.721928 1.557977 5 1 0 298 311 310 299 355 355 375 375
319.737339 368.059084 -1.118642 5 1 0 319 329 320 311 357 362 380 374
324.865165 343.315291 1.467272 11 1 0 319 329 330 322 334 334 353 354
361.248309 330.699212 -1.652804 1 1 0 357 365 366 358 322 322 340 340
360.108792 352.024455 1.381899 5 1 0 354 363 367 357 344 343 360 361
391.119928 346.408265 0.326468 5 1 0 376 408 406 375 337 348 356 346
400.724427 326.059751 0.413129 1 1 0 394 411 409 390 319 328 332 325
410.166138 319.792408 0.436627 1 1 0 401 422 418 401 313 321 328 319
251.972662 291.314568 0.017542 5 1 0 273 274 231 231 287 297 296 286
