58.055802 283.786017 -1.559927 11 1 0 55 62 62 54 273 272 295 296
82.336999 345.316776 -0.134771 1 1 0 74 89 91 76 344 340 349 349
140.970569 343.109395 1.370888 5 1 1 132 143 149 141 325 323 361 364
157.939815 349.041732 -1.556713 1 1 1 153 163 163 153 340 341 358 358
180.841397 368.770204 3.122178 11 1 1 167 194 194 169 364 363 374 374
134.900270 281.302713 1.543026 11 1 1 131 139 139 132 272 273 291 290
327.638388 6.174546 -0.594759 11 0 1 317 322 339 334 10 15 4 -3
442.845766 147.516186 -0.624023 5 1 0 452 459 435 426 134 144 162 151
514.302758 379.907481 -0.022468 1 0 1 502 526 526 505 376 376 384 385
474.455102 333.297798 0.883979 5 1 1 469 490 480 460 317 343 349 325
354.187630 353.221627 0.120624 5 1 0 338 372 370 338 347 350 361 356
332.814796 347.184103 -0.866850 1 1 1 331 342 335 324 356 343 338 352
127.400249 445.474988 -1.678076 1 1 1 122 131 132 125 438 437 454 454
