27.079566 76.739023 -0.065480 11 1 1 19 35 35 21 75 74 79 80
20.185858 160.115625 0.736893 1 1 1 16 30 25 11 151 164 169 157
415.365456 29.035888 1.836128 11 1 0 415 422 417 408 17 19 42 39
428.500765 29.874312 1.900743 1 1 0 428 434 430 424 20 21 41 38
461.292457 44.127519 -1.240849 1 1 0 460 469 463 454 35 36 54 53
330.441311 109.129524 -0.640957 1 1 0 336 341 325 320 101 106 118 112
174.352279 274.377364 -2.564660 1 1 0 169 185 180 165 266 277 282 273
136.250569 345.270765 -3.053906 11 1 0 126 148 147 124 341 342 351 348
43.457638 481.662848 -2.182523 1 1 0 35 41 53 46 475 472 488 492
80.267391 511.373578 -1.047518 1 0 1 82 87 80 74 504 506 519 517
