45.171522 76.603715 0.007752 5 1 1 29 61 62 29 71 71 83 83
22.405863 185.733637 2.425849 11 1 0 29 34 16 12 176 181 196 191
182.204326 128.895868 -3.120763 11 1 0 170 194 195 171 124 124 134 134
208.289975 129.505662 0.039979 5 1 1 195 221 221 197 124 125 135 134
211.338947 149.899898 -0.010989 5 1 1 189 234 235 189 145 144 156 156
247.194314 199.149299 -0.040518 1 1 0 238 257 257 239 196 195 203 203
465.837870 430.809000 0.159137 1 1 0 457 477 476 455 426 429 436 433
320.495709 494.294942 -0.010869 11 1 1 310 332 333 309 490 490 499 500
287.228036 477.085189 -0.012986 1 1 0 278 297 297 278 474 473 482 481
276.183982 495.717796 -0.050590 1 1 0 266 286 287 267 492 491 500 501
151.590779 426.276500 0.242072 1 1 0 143 163 161 141 421 425 433 427
286.361058 26.456406 1.202568 5 1 0 288 297 285 276 45 41 10 12
