25.193105 250.431272 1.570796 11 1 0 22 29 29 22 240 241 261 260
48.048921 244.378133 -1.373401 1 1 0 47 54 51 42 235 236 255 253
56.815535 216.199730 -1.218339 11 1 0 57 65 57 49 204 207 229 225
68.713083 289.150485 -3.077166 4 1 0 60 76 77 62 286 285 295 292
55.563161 308.562274 -0.092519 11 1 0 67 69 45 43 303 313 315 305
51.492948 325.156223 3.040246 4 1 0 43 58 60 45 322 320 329 330
61.407571 359.909586 -2.967245 2 1 0 40 85 83 40 351 358 370 362
38.238662 174.882409 0.206121 5 1 1 23 54 51 26 166 174 182 178
42.935063 186.466863 0.184543 5 1 1 35 53 52 33 180 183 194 190
58.589731 373.132180 0.008403 2 1 0 43 73 75 45 367 368 379 379
