85.228679 6.833589 -0.291457 1 1 0 93 95 78 76 1 8 12 7
116.598633 156.054042 -1.520838 10 1 1 113 122 122 110 141 141 171 171
115.434708 120.346481 -1.649580 23 1 0 110 120 121 112 111 111 130 130
492.546410 346.473422 -1.363300 1 1 0 491 498 495 486 336 338 357 356
503.354287 348.967548 -1.202666 1 1 0 496 504 510 504 356 360 342 339
438.073589 439.049515 1.658804 11 1 0 435 444 442 433 426 427 452 452
203.176125 428.447389 -0.284074 23 1 1 185 220 221 188 429 419 429 438
191.204323 446.321954 -0.656251 23 1 1 177 199 206 184 451 436 441 459
123.777763 256.347950 2.125104 1 1 0 126 132 122 116 247 250 266 263
136.497802 295.256304 -0.961136 1 1 0 139 145 133 129 286 289 305 302
132.612550 116.357777 -1.570790 5 1 0 128 137 137 128 109 108 125 125
