260.180162 268.000937 1.232473 1 1 0 261 267 259 255 260 275 275 263
335.618952 196.295034 -1.485069 5 1 0 332 342 340 329 180 181 214 211
411.288098 132.274169 -2.978866 1 1 0 403 421 419 403 128 130 137 134
430.675895 134.023970 -0.051237 1 1 0 421 441 441 422 132 130 137 138
427.806220 163.840580 3.104573 11 1 0 418 439 438 418 161 161 167 168
445.164247 82.719803 -1.471128 10 1 0 443 449 449 440 74 75 92 92
479.283748 68.240271 3.103875 4 1 0 473 486 486 473 64 64 73 73
506.230684 63.690788 1.685673 1 1 0 504 510 511 501 58 57 71 70
505.600756 45.142897 1.494024 1 1 0 502 511 509 502 53 54 38 37
487.962761 236.083907 1.013672 1 1 0 487 496 490 480 227 242 246 230
502.451114 261.700994 -2.028075 11 1 0 502 510 503 496 253 268 271 255
447.647345 261.700994 -1.558602 11 1 0 451 452 444 445 252 273 272 252
466.230462 16.401162 -1.549747 5 1 0 462 471 471 462 5 5 29 28
452.468525 10.380315 1.370615 1 1 0 447 455 458 451 2 2 19 20
