182.244792 183.573782 -0.146666 1 1 0 171 193 194 172 183 179 185 188
375.604016 170.964301 1.735945 1 1 0 372 383 379 370 163 163 180 179
357.602922 160.031700 1.687152 1 1 0 352 366 362 352 151 151 171 169
388.421549 162.953343 -1.600788 23 1 0 383 393 394 384 151 151 177 174
395.867028 145.517729 1.444488 23 1 0 390 400 399 395 139 137 153 154
378.996893 186.797724 3.082837 1 1 0 370 388 387 372 184 184 189 191
304.773591 286.723263 1.427892 10 1 0 296 309 316 299 270 269 304 304
199.230057 346.866007 -0.071307 5 1 0 183 215 216 185 344 342 350 353
157.044643 268.788324 -1.760277 11 1 0 151 160 164 154 261 259 277 280
172.617514 275.561457 1.367303 1 1 0 168 175 178 171 269 267 283 284
