19.628325 366.280237 -1.514855 2 1 0 15 26 25 13 351 351 382 382
85.414552 380.572453 0.133227 4 1 0 75 100 95 72 371 375 390 387
95.187906 483.980838 1.539061 2 1 1 102 102 90 88 468 499 501 469
182.832818 376.158681 -3.141592 11 1 0 170 195 196 171 371 372 381 382
282.982193 347.750806 -1.637923 2 1 0 277 288 290 279 333 333 364 362
306.837583 327.888829 1.107149 1 1 0 300 307 315 307 321 320 335 337
312.092074 308.447212 1.504228 1 1 0 308 316 318 308 299 300 318 318
313.142972 279.757691 -1.558892 1 1 0 310 317 318 309 270 269 290 291
315.980397 253.695415 -1.519559 1 1 0 312 321 321 311 245 244 264 263
315.770218 225.321164 -1.492012 11 1 0 313 321 319 312 216 216 235 235
316.813013 193.036958 1.516057 1 1 0 312 321 322 313 184 184 202 202
317.023193 165.818694 1.585288 1 1 0 313 322 321 313 158 157 175 174
233.035025 24.105390 0.013333 1 1 0 223 242 243 225 20 20 29 28
91.697838 39.476071 3.082837 11 1 0 81 102 103 82 36 35 43 44
