202.278017 56.517240 1.255582 23 1 0 193 204 211 201 46 44 68 69
176.196634 37.505536 2.420622 11 1 0 182 188 171 165 27 34 49 41
100.149817 73.713757 1.605666 1 1 0 96 105 105 95 63 63 86 84
185.968120 119.854714 0.010869 5 1 0 175 197 198 175 115 115 125 125
319.450793 105.935945 -3.130724 11 1 0 308 331 332 308 102 102 110 110
271.969301 148.067409 -1.606076 1 1 1 266 277 278 267 138 138 160 158
336.933919 194.306931 -0.028564 11 1 0 326 350 350 322 191 190 198 198
345.201335 4.644666 -0.146012 1 1 1 337 337 355 353 3 9 6 1
307.548624 344.903388 0.054002 1 1 0 299 317 317 298 342 342 349 348
312.803114 356.272196 0.110657 1 1 0 306 321 321 304 353 353 362 358
312.516506 366.112424 0.117733 11 1 0 303 325 324 299 361 363 373 369
199.411256 494.957947 0.792201 5 1 0 194 213 204 187 482 502 507 490
219.760467 512.536609 0.616801 1 0 1 215 229 225 212 505 516 519 511
