153.467071 186.517399 -3.141592 23 1 1 140 166 165 144 182 182 192 192
150.463944 198.289656 0.013698 5 1 0 132 169 168 132 193 193 204 203
79.830405 212.824789 -0.173901 1 1 0 70 89 89 71 212 207 216 218
77.067528 234.327176 0.053283 1 1 0 68 87 86 68 230 231 239 238
464.079849 72.792661 -0.501604 1 1 1 470 474 457 456 65 73 80 74
452.187467 178.502720 -2.843094 11 1 1 445 463 461 441 173 178 186 179
462.037722 288.067319 1.782754 1 1 0 461 468 464 456 277 280 299 298
230.950278 341.912656 1.597106 1 1 0 228 235 235 227 333 333 352 351
250.050163 371.703672 -1.590025 11 1 0 245 255 255 246 359 359 385 385
230.830153 453.749093 1.550597 11 1 0 227 235 236 227 442 442 467 466
489.426238 453.028342 0.000000 1 1 0 480 499 500 480 449 449 458 457
492.549489 494.831865 0.075613 1 1 0 485 501 501 484 490 492 499 499
