45.197395 49.338889 -0.904104 1 1 0 49 54 42 37 41 43 60 55
58.474538 39.472388 -1.543776 5 1 0 55 63 63 54 30 30 49 49
49.826124 59.814433 -0.745419 1 1 0 55 58 45 42 51 57 68 64
93.799048 50.800593 -1.514518 5 1 0 90 99 99 88 42 42 60 60
214.511427 35.696319 1.524852 23 1 1 209 219 220 211 25 25 48 46
114.628329 153.241673 -0.000000 1 1 0 105 125 126 103 149 149 158 158
240.832036 274.899743 -1.570796 9 1 0 236 246 245 237 264 263 287 287
51.419575 215.578926 -1.407430 23 1 1 49 58 55 45 203 206 228 226
357.968418 160.514463 0.068856 1 1 0 347 369 369 347 157 157 166 163
303.519949 193.280992 1.651701 1 1 0 300 309 309 297 184 184 203 202
315.335389 192.550140 1.513168 11 1 0 311 318 321 311 180 180 206 206
406.691882 198.518764 1.651430 11 1 0 403 413 411 401 186 187 212 211
386.837070 245.293288 -1.518213 5 1 0 381 395 393 379 229 229 262 262
479.970706 55.307513 -1.570796 5 1 0 474 486 486 474 40 40 72 71
494.222319 54.089427 -1.613324 11 1 1 489 499 499 491 43 43 67 65
494.465936 82.349035 -1.624798 1 1 0 491 497 499 491 73 73 93 90
407.859981 445.620664 1.528568 1 1 0 404 411 413 404 437 437 455 454
124.906233 341.201388 0.020616 5 1 0 112 137 137 114 337 336 348 346
