37.200716 293.179877 2.385312 1 1 0 41 47 35 27 284 291 303 297
175.937813 326.834509 -0.775497 1 1 0 179 186 172 167 316 325 336 331
192.412107 310.830908 -0.747680 1 1 0 183 189 203 196 315 320 308 302
189.682151 41.788758 -1.926754 9 1 1 191 198 189 182 32 51 53 33
226.043273 110.274755 0.871797 11 1 1 222 236 231 216 99 117 122 105
228.749764 19.548459 -2.208757 1 1 0 228 238 231 219 11 25 29 14
446.470494 270.350746 -1.175107 1 1 0 446 455 448 437 258 263 282 279
380.337968 194.451315 -1.361411 1 1 0 379 386 382 375 185 185 206 204
257.410064 367.158532 -0.701484 1 1 0 260 269 254 247 358 365 376 371
377.672416 424.347870 0.817134 11 1 0 373 389 382 368 413 430 436 420
236.346502 480.360472 -1.203622 1 1 0 236 243 237 230 472 473 491 487
207.751833 493.539908 -2.665126 1 1 0 202 218 214 198 487 496 500 493
