207.004671 84.105706 1.783735 1 1 0 204 215 208 202 74 76 94 93
162.410163 187.732630 1.794273 1 1 1 161 168 164 158 179 181 198 195
283.968037 140.227254 -1.295167 11 1 0 283 292 285 277 127 129 154 152
307.254986 120.782652 -1.359703 11 1 0 306 314 309 302 110 111 134 129
298.638816 148.726990 -1.330437 5 1 0 297 307 301 290 134 139 163 161
254.607878 258.133181 -1.333948 11 1 0 253 262 257 248 247 248 271 267
119.310704 343.945589 1.868162 1 1 0 118 126 121 113 335 338 354 350
352.116995 211.802976 -1.118321 1 1 0 353 360 352 344 201 205 223 219
193.522124 473.624713 -1.287701 1 1 0 192 199 195 188 466 468 482 480
428.168589 474.525143 -2.566704 1 1 0 422 439 435 417 466 477 484 472
357.562559 462.695372 2.713107 11 1 0 366 370 350 346 455 461 471 464
