288.882342 141.604107 3.079174 9 1 0 274 303 303 276 140 137 145 146
289.458452 175.940265 3.005190 1 1 0 276 302 303 278 175 170 179 181
356.056769 147.480430 1.889544 9 1 0 355 366 357 348 133 138 161 159
301.687173 290.519838 -0.040518 1 1 0 290 310 312 295 288 287 294 294
199.878286 381.061576 0.225959 11 1 0 191 214 208 187 375 379 388 382
420.302842 379.744697 0.026310 1 1 1 410 429 431 412 377 377 384 382
413.504744 408.665420 -0.063551 11 1 0 399 428 427 401 406 404 412 414
420.994174 422.837726 -0.037020 1 1 1 412 429 433 410 420 418 427 427
315.679593 255.380356 -1.536719 10 1 0 310 322 325 306 245 245 266 267
389.192902 11.886772 0.031568 11 1 0 376 399 403 379 7 7 18 16
