307.574244 443.998256 -1.547216 5 1 0 302 315 314 300 418 418 472 470
339.527307 437.352018 0.930808 5 1 0 332 358 347 322 417 452 458 424
370.074436 425.976727 1.002836 5 1 0 366 383 374 358 411 437 442 416
398.576569 411.406131 0.805395 1 1 0 395 408 402 390 403 414 422 407
417.492783 414.857061 1.015303 1 1 0 417 426 419 410 406 420 424 410
430.146196 434.795773 0.885731 11 1 0 425 442 435 419 422 442 449 428
463.760820 429.044222 0.853918 5 1 0 456 480 472 448 412 440 446 419
477.564543 422.909234 0.794744 5 1 0 468 495 487 461 406 434 439 413
490.345769 415.623935 0.908664 5 1 0 482 505 501 475 397 429 435 403
333.136694 463.425719 -3.046641 11 1 0 321 348 345 320 458 461 469 467
