118.446937 89.037746 1.319106 5 1 0 120 129 118 109 71 106 107 73
169.284355 110.045536 2.437647 1 1 0 174 178 165 161 102 107 118 113
380.553702 291.788150 1.149806 1 1 0 381 388 381 373 282 299 302 285
434.587919 361.800226 -1.963136 11 1 0 435 443 436 426 350 372 374 353
200.635076 240.234192 2.622447 23 1 1 208 213 194 188 231 239 249 243
75.305900 338.761926 -2.165556 1 1 0 72 85 78 67 329 345 350 332
86.345148 333.242301 -2.539305 1 1 0 82 94 91 79 326 336 340 333
94.285661 326.366980 -2.471471 1 1 0 89 103 100 87 319 329 335 324
31.818377 200.365828 -2.824138 1 1 0 24 43 39 23 195 200 207 200
30.850022 217.021536 3.029564 1 1 0 21 39 43 21 215 212 220 222
58.206668 457.455809 2.666250 1 1 0 65 69 52 48 450 457 465 459
