33.154797 382.778518 1.424638 10 1 0 23 37 46 28 359 358 407 408
54.409579 378.027448 1.394562 10 1 0 43 60 65 50 361 359 396 397
153.588614 233.602611 1.396895 10 1 0 147 158 162 149 225 224 243 243
365.344270 79.851243 1.470415 31 1 0 353 375 380 355 64 61 96 99
231.904243 306.527316 0.197396 1 1 0 222 243 241 222 301 305 313 309
223.068921 373.625746 0.609163 2 1 0 214 236 232 211 363 378 385 370
228.486807 333.283337 3.023230 31 1 0 204 250 253 207 323 316 346 350
260.160599 355.204935 -0.000000 31 1 0 241 278 280 242 340 340 371 371
283.665888 330.616070 2.990847 31 1 0 262 301 306 266 321 312 344 347
315.172977 347.536543 -0.045945 31 1 0 294 336 338 293 333 333 361 365
340.178603 323.864551 2.892442 31 1 0 315 359 364 323 315 303 335 344
368.708201 342.453634 -0.057408 31 1 0 345 389 392 349 328 325 358 360
392.796955 312.363531 3.028976 31 1 0 368 412 416 376 298 292 329 332
415.874762 508.613153 3.108925 31 0 1 396 435 436 398 497 494 522 522
