251.730601 63.713421 2.013541 2 1 0 240 250 265 252 76 81 52 47
260.868686 33.557739 1.862253 11 1 0 253 263 268 260 43 45 25 23
363.802998 6.234802 -0.039453 4 0 1 354 372 375 355 1 0 12 12
396.236765 5.012101 -0.079199 5 0 1 381 411 413 380 1 -3 10 12
474.989778 93.989390 -0.049958 4 1 1 467 468 483 483 89 100 100 88
482.197282 193.293453 0.079043 10 1 0 469 496 494 470 187 189 200 198
490.370077 206.678818 -3.123246 2 1 0 477 504 505 477 202 202 213 212
461.861825 230.618028 1.226322 10 1 0 452 461 473 463 215 214 246 248
489.662197 273.734346 -0.090660 10 1 0 481 497 499 482 270 268 278 279
502.031563 395.167874 -1.570796 2 1 0 497 508 507 497 381 381 410 410
413.231847 489.925737 2.164769 11 1 0 404 410 424 416 498 502 484 477
