210.268426 158.171341 -1.598567 1 1 0 207 214 214 207 149 150 168 167
250.314814 153.474543 -1.604874 1 1 0 246 254 256 246 143 143 165 164
251.221213 121.173753 1.614248 11 1 0 246 256 257 247 133 133 110 110
250.974014 97.689761 1.496857 5 1 1 247 257 256 245 107 109 88 88
268.937207 105.517758 1.554669 23 1 1 263 275 275 264 91 90 121 122
268.854807 136.335348 1.527812 11 1 0 265 272 275 264 125 125 149 148
113.137964 267.159814 1.558139 1 1 0 109 117 117 110 258 257 277 277
403.907738 76.201110 1.631945 2 1 0 399 411 409 398 64 64 89 89
415.932795 85.190715 1.561947 5 1 0 410 422 422 411 72 71 100 99
432.511029 157.808051 1.593781 11 1 1 427 438 437 429 168 170 149 146
364.215457 303.121325 1.591627 11 1 0 359 369 369 360 316 315 292 291
