99.855446 108.248899 2.546523 1 1 0 106 110 95 89 100 106 117 111
76.914817 122.688002 2.659655 1 1 0 83 87 72 66 116 121 130 125
100.327754 127.411073 -0.520910 1 1 0 90 96 111 106 129 135 126 120
130.083101 108.046482 -0.553294 11 1 0 120 124 141 137 111 116 106 100
431.246735 126.019398 -2.195207 9 1 0 428 442 434 423 115 133 136 120
427.201579 91.231065 -2.177180 1 1 0 425 436 429 419 82 97 102 86
494.871243 158.380638 -2.197867 11 1 0 492 504 499 486 148 165 170 152
79.755934 255.891445 0.794744 1 1 0 75 89 84 72 247 261 264 251
150.221645 352.409281 0.880760 11 1 0 148 160 154 140 343 358 363 347
208.868687 431.498025 0.955457 1 1 0 206 218 211 202 422 438 440 427
