17.186408 110.299270 -1.496308 1 1 0 13 23 20 14 102 102 120 117
17.405821 134.983133 -1.558297 1 1 0 13 22 22 13 125 126 147 144
148.394851 139.481081 -1.501463 1 1 0 146 153 152 144 131 131 149 148
254.350986 148.133763 -1.482140 23 1 0 250 262 259 247 131 132 166 164
351.331139 181.264992 -3.121595 11 1 0 340 365 363 338 176 177 187 186
347.940641 204.909292 -3.125594 11 1 0 333 363 364 332 201 201 210 209
315.248237 274.572638 -3.110353 11 1 0 304 327 328 303 270 271 280 279
425.612528 276.218229 0.934288 1 1 0 423 436 428 416 265 282 289 271
451.832275 213.795483 -3.131789 23 1 1 438 465 464 440 210 210 218 218
439.874316 252.412014 -1.627340 11 1 0 428 453 452 427 248 250 257 256
510.604409 39.634474 1.514253 1 0 1 507 514 515 508 33 33 47 46
412.307784 356.467401 1.064846 11 1 0 411 421 414 404 346 364 368 349
295.152996 387.075391 -0.629645 9 1 0 302 306 289 284 377 385 397 390
115.880183 278.739046 0.079478 5 1 0 103 131 129 101 273 274 286 282
55.761264 252.848418 0.151605 1 1 0 66 64 46 48 251 258 255 248
50.605080 337.102668 0.725470 1 1 0 47 60 55 41 329 341 346 334
