117.799533 47.560124 0.012499 5 1 0 97 138 138 99 42 42 54 53
179.592349 32.814112 1.570796 9 1 0 175 185 184 176 44 45 22 22
154.401244 25.090010 -1.559686 11 1 0 151 158 159 150 14 14 36 37
204.520132 38.870509 -1.470128 5 1 0 201 211 209 198 26 27 52 51
171.446115 161.304210 1.598958 1 1 0 169 175 176 167 153 153 171 170
155.997912 245.567139 -3.127895 1 1 0 147 165 166 148 242 242 250 249
421.706759 119.077461 -0.358771 11 1 0 411 430 434 413 120 111 120 126
402.824626 138.945408 -0.021579 5 1 0 386 420 421 386 134 133 145 145
404.265431 64.630185 0.034469 4 1 0 398 412 412 397 59 59 71 70
413.744414 48.326335 0.048349 4 1 0 405 422 422 407 44 44 54 53
490.562088 47.492185 -1.582424 1 1 0 486 495 495 487 37 37 58 59
392.914536 248.315719 -3.141592 11 1 0 382 405 405 381 244 244 253 253
492.302041 370.134357 1.570796 1 1 1 488 497 497 488 360 360 381 381
238.748926 450.342541 1.460139 1 1 0 235 241 244 236 441 442 459 460
