91.041261 17.183957 1.917750 11 1 0 92 99 91 83 4 7 30 28
478.657300 261.256300 -2.800000 1 1 0 471 489 487 468 254 262 268 262
484.973000 243.540500 -2.800000 1 1 0 476 496 494 474 237 244 251 244
105.823999 65.613971 -1.262744 1 1 0 104 113 107 100 57 58 76 72
345.425249 18.893382 0.271683 5 1 0 329 365 362 327 10 20 28 19
283.177819 138.880961 0.014924 1 1 0 275 292 292 275 136 136 142 142
108.314760 108.616777 -2.838708 1 1 0 101 118 115 100 103 109 114 110
419.201976 443.782410 -2.879473 11 1 0 410 431 428 408 438 444 450 445
466.528800 411.348641 1.885301 11 1 0 467 474 468 459 400 403 424 420
368.121048 464.650802 0.179853 11 1 0 358 379 377 359 461 463 470 466
