69.002601 18.083057 0.285463 1 1 0 59 82 80 57 11 18 26 19
125.872623 200.624978 -0.351445 11 1 0 136 139 117 113 193 200 208 202
137.312696 221.486289 2.834547 1 1 0 146 149 130 124 215 222 230 220
230.515651 184.362128 3.116598 11 1 0 219 241 240 222 181 181 188 189
254.405218 184.810758 3.128606 1 1 0 245 264 264 245 182 181 189 189
323.162196 -1.880994 -1.570796 11 0 1 319 328 328 319 -13 -13 9 9
425.786389 22.793675 0.030294 11 1 0 414 438 439 414 19 19 28 27
422.197346 98.051417 1.332552 1 1 0 424 428 421 417 88 106 108 91
433.300948 106.463235 1.550181 11 1 0 429 437 438 430 95 94 119 118
418.832619 126.875917 -1.596001 23 1 1 413 424 426 413 113 112 142 142
433.188790 138.315990 1.514676 5 1 1 427 438 439 429 128 127 151 148
301.222269 314.617306 2.775672 23 1 1 286 313 317 290 315 304 315 325
309.073301 324.823646 -0.394791 11 1 0 297 318 322 300 327 317 324 332
335.206019 409.166152 -0.378142 1 1 0 324 342 347 329 410 402 410 416
365.937198 397.501763 2.767866 23 1 1 350 377 381 357 399 387 398 407
361.787367 421.952117 2.785957 1 1 1 351 369 373 355 422 415 423 429
12.250862 322.395052 -1.777332 11 1 0 5 14 21 10 312 307 335 336
