415.125206 205.710442 -1.554669 31 1 0 392 439 439 391 175 175 238 236
474.973230 226.799746 3.137943 31 1 0 441 510 509 441 200 198 256 255
380.584347 246.635091 -2.873482 11 1 0 370 393 391 369 240 246 254 248
365.422847 295.995462 -2.893303 1 1 0 358 377 372 356 291 295 302 297
345.587502 273.766196 1.734037 1 1 0 344 351 347 341 263 264 286 284
356.579142 336.416310 -2.931619 1 1 0 349 365 364 349 332 334 342 338
319.188377 298.113575 -0.262380 31 1 0 293 336 347 302 290 277 308 318
275.333772 509.514091 -1.305287 2 0 1 274 285 277 266 494 497 526 522
291.521237 508.830113 -1.388628 9 0 1 289 298 294 286 500 500 520 517
31.142980 469.957397 1.754860 2 1 0 29 42 32 22 445 448 496 492
55.538174 478.165125 1.828415 2 1 0 56 66 57 44 456 459 501 498
10.851650 458.785765 1.788795 2 1 0 9 22 11 2 439 440 480 478
92.586951 341.483637 0.146381 31 1 0 76 114 110 71 326 332 357 351
