345.213643 43.838239 1.243970 1 1 0 338 348 352 344 38 36 51 52
332.915533 98.012192 1.389147 5 1 0 324 335 343 330 81 79 117 117
315.791583 189.236148 -1.994991 1 1 0 310 315 324 315 183 180 197 198
297.110909 242.009051 2.802958 2 1 0 315 319 279 276 230 241 254 245
381.359248 272.414879 1.543406 1 1 0 377 386 387 377 263 264 282 282
44.775883 294.273939 0.329050 9 1 0 35 57 54 34 287 295 301 295
208.788072 218.081475 -1.953540 11 1 0 202 209 218 208 210 208 227 229
222.234888 216.389491 -1.888255 11 1 0 216 223 231 220 209 207 224 227
302.537375 311.111608 1.335251 1 1 0 297 304 309 301 303 301 320 321
431.320026 236.153303 -0.037020 10 1 1 422 442 442 421 233 232 240 240
357.248653 420.896342 -1.570796 23 1 0 356 359 360 355 412 411 431 430
