45.749820 27.256076 -3.117501 23 1 0 35 56 56 36 22 23 33 32
375.701036 90.899072 1.553099 23 1 1 370 382 382 370 77 77 105 106
470.350867 204.063145 3.141592 1 1 0 461 480 480 462 200 200 208 208
496.860508 161.766864 -1.558139 1 1 0 494 501 501 493 152 152 172 171
493.087601 111.924768 -1.529154 5 1 1 489 498 498 488 103 103 121 121
419.813761 281.814546 1.582424 11 1 0 417 424 424 416 271 271 293 293
486.733229 274.070157 1.641103 1 1 0 492 497 482 477 267 271 283 277
417.331586 343.372514 -1.500490 1 1 0 416 421 421 413 335 335 352 353
250.749231 331.531210 -1.138389 5 1 0 253 264 248 239 313 318 350 346
180.522687 456.649255 -0.933903 11 1 0 184 191 177 171 446 450 469 463
