46.874460 295.128846 1.217806 11 1 0 48 55 48 38 283 306 309 284
79.139073 311.612947 0.767856 5 1 0 71 94 87 66 298 319 325 304
121.756505 223.262186 0.290599 5 1 0 108 136 135 109 214 223 232 225
54.613947 280.051924 0.868539 1 1 0 53 64 57 46 271 285 288 277
13.724529 55.129995 1.480136 1 1 1 9 17 20 10 46 45 65 65
243.767715 174.999428 -1.570796 1 1 0 239 249 248 240 166 165 185 185
478.176157 344.579030 -1.610775 1 1 0 474 482 483 475 335 335 354 354
508.732052 364.882618 3.128436 1 0 1 499 519 518 500 362 362 368 368
242.642353 290.450745 -1.615212 11 1 0 238 247 248 239 279 280 302 302
238.812489 489.333079 -1.584494 1 1 0 236 242 243 235 481 480 499 498
