252.120856 72.661179 0.636508 4 1 0 249 261 255 244 65 74 81 73
380.969773 49.351497 1.444204 2 1 0 377 389 385 374 63 63 35 36
392.550949 141.041956 -2.867934 2 1 0 380 407 407 377 133 140 150 142
392.022065 312.662936 -0.077622 11 1 1 380 402 405 382 311 309 315 317
468.133382 330.193204 -1.583296 11 1 0 464 473 473 464 320 320 340 340
438.534537 400.314278 1.522447 4 1 0 433 444 445 433 393 393 408 408
422.237553 340.323761 1.113728 4 1 0 423 431 422 415 331 346 350 335
468.661933 355.387459 -1.625687 23 1 0 464 473 474 465 344 344 367 367
417.744871 421.984861 -3.058452 4 1 0 410 425 426 411 417 417 429 426
498.595771 436.138684 1.583142 1 1 0 494 504 504 494 426 426 447 446
477.718014 456.399798 1.570797 11 1 0 474 482 482 474 444 444 469 469
451.466657 474.370525 1.870573 1 1 0 450 458 453 446 467 469 483 480
392.268966 187.939542 -0.044914 11 1 1 404 404 382 381 184 192 192 186
406.892205 250.660905 1.249046 4 1 0 410 415 404 399 242 257 260 245
