143.978244 142.469369 2.745743 4 1 0 149 156 139 132 132 146 152 140
88.713537 182.342598 -0.109153 4 1 0 77 97 99 82 178 175 188 189
74.355043 130.073547 0.948493 10 1 0 75 82 75 66 123 133 139 126
82.722223 166.124730 -0.206992 10 1 0 68 94 97 73 158 152 175 180
133.958288 101.459858 0.154997 10 1 0 116 156 152 113 92 97 113 105
143.978244 191.226270 -1.438245 10 1 0 141 149 149 138 184 184 199 199
166.084127 198.457166 -1.628584 2 1 0 160 171 172 162 184 183 214 214
98.836792 233.268766 -0.053141 2 1 0 87 110 112 87 230 229 237 239
150.899245 82.556229 2.590966 2 1 0 139 146 164 155 85 94 79 74
90.779507 203.312196 1.442787 5 1 0 84 95 99 87 192 190 216 217
