17.037211 93.946843 -1.530818 11 1 0 13 22 23 11 82 82 107 106
30.310820 95.703643 -1.481293 1 1 0 28 35 36 23 86 86 106 106
78.622851 85.748437 2.794531 11 1 0 90 91 69 65 78 86 94 86
123.714081 147.236478 -1.514039 11 1 0 120 129 128 118 137 136 158 159
158.150828 184.558519 0.000000 4 1 0 147 169 169 149 177 176 193 193
177.182841 142.492892 -1.560270 11 1 0 172 183 183 172 131 131 155 154
224.595248 101.754066 3.090543 2 1 0 190 259 259 191 98 95 106 110
204.684835 80.672453 -0.073487 10 1 0 182 225 226 187 76 74 85 89
202.049633 60.957240 3.127895 2 1 0 184 221 220 184 56 54 68 67
244.798462 51.099634 3.078297 2 1 0 227 263 263 228 48 46 55 57
212.102440 41.925227 3.034095 2 1 0 194 229 230 196 40 36 45 48
