122.963863 44.245615 0.214815 9 1 0 110 137 137 109 37 43 52 46
215.257642 318.821666 -1.618952 11 1 0 212 218 221 211 309 309 330 329
227.154056 313.050138 -1.585081 1 1 0 224 232 232 223 322 322 305 305
409.133865 342.850068 1.627075 1 1 0 405 413 414 406 352 352 335 334
430.388533 120.983672 -1.524675 1 1 0 427 435 436 424 113 114 130 129
192.521395 97.795664 -0.647811 1 1 0 196 199 190 187 93 96 103 100
490.901373 464.594356 -1.591627 23 1 0 488 494 493 489 471 471 459 459
496.272963 464.938688 -1.570796 23 1 0 494 493 500 499 459 471 471 460
463.699091 403.440870 -0.011235 1 1 0 453 453 475 475 401 407 408 399
161.308132 470.241412 -1.546991 5 1 0 155 168 168 155 460 460 481 481
