44.903621 33.838140 -1.604397 2 1 0 38 51 52 39 19 19 49 49
18.268127 42.455506 0.419651 10 1 0 13 29 25 8 35 43 50 43
85.971467 98.494395 -1.409421 5 1 0 82 94 91 78 87 89 111 108
199.276369 105.695978 -1.580897 11 1 0 195 204 204 196 94 93 118 118
214.927810 103.007387 -1.430872 11 1 0 212 221 217 211 94 95 113 111
225.844772 130.282860 3.036716 11 1 0 213 237 239 215 128 125 134 135
397.557035 298.371301 0.050976 11 1 0 385 410 410 386 294 294 304 302
396.404782 311.142108 -0.014492 1 1 0 388 405 405 388 308 308 315 315
340.232436 262.363386 1.570796 11 1 0 336 345 344 337 253 253 273 272
287.516849 294.530457 -2.941600 1 1 0 280 299 295 277 289 293 301 297
44.609847 338.897771 -2.416989 11 1 0 39 55 50 36 330 343 349 335
334.224757 429.367105 1.452306 5 1 0 328 338 341 331 420 419 440 440
291.874807 400.480257 -1.584880 11 1 0 288 296 296 288 392 391 410 409
