358.482095 44.029465 0.017855 11 1 0 343 373 373 346 41 41 48 47
330.418336 57.387814 -0.009901 11 1 0 318 343 343 318 53 52 63 62
376.667411 59.632914 0.049958 2 1 0 353 399 399 356 53 54 68 65
422.130701 59.632914 -0.011627 1 1 0 411 435 432 413 57 55 64 63
461.419964 58.398109 0.022723 1 1 0 451 472 474 450 54 54 64 63
455.694957 44.253974 0.000000 1 1 0 445 467 466 446 40 40 49 49
463.777319 136.864380 2.430134 1 1 0 460 474 468 453 147 135 127 140
310.885960 184.909536 1.194835 11 1 0 311 320 310 304 174 194 195 178
28.762780 69.399102 0.035279 1 1 0 18 41 38 18 66 66 74 73
361.748537 398.660869 1.535517 9 1 0 357 366 367 358 388 388 410 409
361.295513 489.574482 1.176005 1 1 0 360 369 362 355 480 497 500 482
