379.113029 195.010212 -1.336074 1 1 0 378 386 379 374 182 185 208 206
390.998001 198.171109 -1.287002 1 1 0 391 397 392 385 188 191 209 206
399.216333 202.217057 -1.390943 11 1 0 398 405 401 394 191 192 216 211
412.871406 145.320916 -1.331565 1 1 0 412 419 414 407 135 136 158 154
425.009250 147.217454 -1.323442 11 1 0 426 431 425 419 135 135 161 159
445.365425 153.539247 -1.343997 11 1 0 444 453 449 437 142 143 167 163
450.928604 217.389361 1.884073 1 1 0 450 458 454 442 207 210 228 225
473.181316 221.056002 1.896158 11 1 0 474 480 474 466 211 211 234 230
482.916878 223.205411 1.721168 1 1 0 481 488 485 479 214 216 233 230
339.085910 149.976755 -2.850921 31 1 0 316 375 363 305 122 139 179 161
270.893259 135.473864 -2.950409 31 1 0 244 307 297 236 109 121 162 151
245.554750 53.851509 -1.245500 31 1 0 235 271 257 221 29 37 81 70
