37.144331 169.639827 0.014924 1 1 0 29 46 46 29 166 167 173 173
293.052215 7.312863 3.062214 1 1 0 283 304 304 281 5 3 10 12
322.674076 103.135893 1.666885 1 1 0 318 330 326 318 93 93 115 113
384.342362 100.395081 -0.010416 11 1 0 372 396 397 373 96 96 105 105
387.504839 72.565290 -3.129688 1 1 0 377 398 398 378 69 68 78 77
286.305599 151.943444 0.011904 1 1 0 298 296 276 276 148 156 157 147
386.872816 115.042732 -0.025635 5 1 0 373 401 402 372 111 110 120 120
382.339932 145.718751 -0.000000 5 1 0 369 397 397 368 140 140 152 152
186.349831 235.052722 -1.608514 11 1 0 182 191 192 182 222 222 249 249
184.136098 180.974378 1.556811 5 1 0 178 191 190 180 163 163 200 198
