254.871300 205.482150 -0.110000 5 1 0 235 272 275 239 204 197 207 215
43.852125 449.751113 -1.551568 11 1 0 39 49 49 39 437 437 463 463
167.324850 77.351500 2.396342 5 1 0 176 186 159 150 62 71 94 84
356.527650 452.659200 2.356342 5 1 0 362 373 350 342 437 447 467 461
29.137162 360.348478 3.018621 1 1 0 17 40 41 20 358 356 363 366
66.444645 165.971275 -2.176341 1 1 0 66 74 68 59 158 171 175 162
139.560292 165.356858 -1.130954 11 1 0 141 148 138 132 153 157 178 175
143.246795 102.422982 -0.660132 11 1 0 150 156 137 131 92 98 113 107
149.518311 70.164484 -1.022933 1 1 0 151 158 149 142 62 64 80 76
216.455843 81.502897 2.558220 23 1 0 226 232 207 201 69 78 94 86
199.275792 245.674142 -0.469600 1 1 0 206 210 193 189 239 245 253 248
152.810566 479.992798 2.720930 11 1 0 161 164 145 142 472 480 487 482
